0 0 0 535 0 0 0 0 0 0 0 0 0 0 0 579
0 0 0 0 0 0 537 0 198 0 431 625 0 0 0 0
0 0 0 0 0 0 0 539 0 0 0 0 711 0 0 0
535 0 0 0 0 0 733 0 0 669 0 0 0 0 490 0
0 0 0 0 0 672 640 298 0 259 0 417 0 0 0 0
0 0 0 0 672 0 0 0 465 0 0 0 546 479 0 0
0 537 0 733 640 0 0 0 0 0 0 0 0 0 0 0
0 0 539 0 298 0 0 0 0 0 0 0 0 0 0 0
0 198 0 0 0 465 0 0 0 472 0 0 88 0 0 0
0 0 0 669 259 0 0 0 472 0 0 660 0 349 0 0
0 431 0 0 0 0 0 0 0 0 0 0 0 0 355 0
0 625 0 0 417 0 0 0 0 660 0 0 0 0 0 0
0 0 711 0 0 546 0 0 88 0 0 0 0 0 0 449
0 0 0 0 0 479 0 0 0 349 0 0 0 0 0 0
0 0 0 490 0 0 0 0 0 0 355 0 0 0 0 0
579 0 0 0 0 0 0 0 0 0 0 0 449 0 0 0
