0.000000000000000000e+00 0.000000000000000000e+00 0.000000000000000000e+00 2.162871270396190052e-03 0.000000000000000000e+00 0.000000000000000000e+00 0.000000000000000000e+00 0.000000000000000000e+00 0.000000000000000000e+00 0.000000000000000000e+00 0.000000000000000000e+00 0.000000000000000000e+00 0.000000000000000000e+00 0.000000000000000000e+00 0.000000000000000000e+00 2.189675997158816757e-03
0.000000000000000000e+00 0.000000000000000000e+00 0.000000000000000000e+00 0.000000000000000000e+00 0.000000000000000000e+00 0.000000000000000000e+00 1.997585422976351933e-03 0.000000000000000000e+00 7.175606107097754014e-04 0.000000000000000000e+00 1.655100351998834872e-03 2.387440308015482265e-03 0.000000000000000000e+00 0.000000000000000000e+00 0.000000000000000000e+00 0.000000000000000000e+00
0.000000000000000000e+00 0.000000000000000000e+00 0.000000000000000000e+00 0.000000000000000000e+00 0.000000000000000000e+00 0.000000000000000000e+00 0.000000000000000000e+00 1.924395670360410813e-03 0.000000000000000000e+00 0.000000000000000000e+00 0.000000000000000000e+00 0.000000000000000000e+00 2.654596172406068107e-03 0.000000000000000000e+00 0.000000000000000000e+00 0.000000000000000000e+00
2.162871270396190052e-03 0.000000000000000000e+00 0.000000000000000000e+00 0.000000000000000000e+00 0.000000000000000000e+00 0.000000000000000000e+00 2.628305165746386285e-03 0.000000000000000000e+00 0.000000000000000000e+00 2.635616648843574703e-03 0.000000000000000000e+00 0.000000000000000000e+00 0.000000000000000000e+00 0.000000000000000000e+00 1.886968137806108257e-03 0.000000000000000000e+00
0.000000000000000000e+00 0.000000000000000000e+00 0.000000000000000000e+00 0.000000000000000000e+00 0.000000000000000000e+00 2.534360857737260383e-03 2.374712365275239920e-03 1.137071191188254162e-03 0.000000000000000000e+00 9.664784118105288185e-04 0.000000000000000000e+00 1.700001026067903291e-03 0.000000000000000000e+00 0.000000000000000000e+00 0.000000000000000000e+00 0.000000000000000000e+00
0.000000000000000000e+00 0.000000000000000000e+00 0.000000000000000000e+00 0.000000000000000000e+00 2.534360857737260383e-03 0.000000000000000000e+00 0.000000000000000000e+00 0.000000000000000000e+00 1.729937622254859586e-03 0.000000000000000000e+00 0.000000000000000000e+00 0.000000000000000000e+00 2.033450045316130637e-03 1.732738504881186714e-03 0.000000000000000000e+00 0.000000000000000000e+00
0.000000000000000000e+00 1.997585422976351933e-03 0.000000000000000000e+00 2.628305165746386285e-03 2.374712365275239920e-03 0.000000000000000000e+00 0.000000000000000000e+00 0.000000000000000000e+00 0.000000000000000000e+00 0.000000000000000000e+00 0.000000000000000000e+00 0.000000000000000000e+00 0.000000000000000000e+00 0.000000000000000000e+00 0.000000000000000000e+00 0.000000000000000000e+00
0.000000000000000000e+00 0.000000000000000000e+00 1.924395670360410813e-03 0.000000000000000000e+00 1.137071191188254162e-03 0.000000000000000000e+00 0.000000000000000000e+00 0.000000000000000000e+00 0.000000000000000000e+00 0.000000000000000000e+00 0.000000000000000000e+00 0.000000000000000000e+00 0.000000000000000000e+00 0.000000000000000000e+00 0.000000000000000000e+00 0.000000000000000000e+00
0.000000000000000000e+00 7.175606107097754014e-04 0.000000000000000000e+00 0.000000000000000000e+00 0.000000000000000000e+00 1.729937622254859586e-03 0.000000000000000000e+00 0.000000000000000000e+00 0.000000000000000000e+00 1.824011182415068676e-03 0.000000000000000000e+00 0.000000000000000000e+00 3.198598066436200379e-04 0.000000000000000000e+00 0.000000000000000000e+00 0.000000000000000000e+00
0.000000000000000000e+00 0.000000000000000000e+00 0.000000000000000000e+00 2.635616648843574703e-03 9.664784118105288185e-04 0.000000000000000000e+00 0.000000000000000000e+00 0.000000000000000000e+00 1.824011182415068676e-03 0.000000000000000000e+00 0.000000000000000000e+00 2.515545329756637034e-03 0.000000000000000000e+00 1.331434494278619166e-03 0.000000000000000000e+00 0.000000000000000000e+00
0.000000000000000000e+00 1.655100351998834872e-03 0.000000000000000000e+00 0.000000000000000000e+00 0.000000000000000000e+00 0.000000000000000000e+00 0.000000000000000000e+00 0.000000000000000000e+00 0.000000000000000000e+00 0.000000000000000000e+00 0.000000000000000000e+00 0.000000000000000000e+00 0.000000000000000000e+00 0.000000000000000000e+00 1.339352492098972499e-03 0.000000000000000000e+00
0.000000000000000000e+00 2.387440308015482265e-03 0.000000000000000000e+00 0.000000000000000000e+00 1.700001026067903291e-03 0.000000000000000000e+00 0.000000000000000000e+00 0.000000000000000000e+00 0.000000000000000000e+00 2.515545329756637034e-03 0.000000000000000000e+00 0.000000000000000000e+00 0.000000000000000000e+00 0.000000000000000000e+00 0.000000000000000000e+00 0.000000000000000000e+00
0.000000000000000000e+00 0.000000000000000000e+00 2.654596172406068107e-03 0.000000000000000000e+00 0.000000000000000000e+00 2.033450045316130637e-03 0.000000000000000000e+00 0.000000000000000000e+00 3.198598066436200379e-04 0.000000000000000000e+00 0.000000000000000000e+00 0.000000000000000000e+00 0.000000000000000000e+00 0.000000000000000000e+00 0.000000000000000000e+00 1.635685597106705663e-03
0.000000000000000000e+00 0.000000000000000000e+00 0.000000000000000000e+00 0.000000000000000000e+00 0.000000000000000000e+00 1.732738504881186714e-03 0.000000000000000000e+00 0.000000000000000000e+00 0.000000000000000000e+00 1.331434494278619166e-03 0.000000000000000000e+00 0.000000000000000000e+00 0.000000000000000000e+00 0.000000000000000000e+00 0.000000000000000000e+00 0.000000000000000000e+00
0.000000000000000000e+00 0.000000000000000000e+00 0.000000000000000000e+00 1.886968137806108257e-03 0.000000000000000000e+00 0.000000000000000000e+00 0.000000000000000000e+00 0.000000000000000000e+00 0.000000000000000000e+00 0.000000000000000000e+00 1.339352492098972499e-03 0.000000000000000000e+00 0.000000000000000000e+00 0.000000000000000000e+00 0.000000000000000000e+00 0.000000000000000000e+00
2.189675997158816757e-03 0.000000000000000000e+00 0.000000000000000000e+00 0.000000000000000000e+00 0.000000000000000000e+00 0.000000000000000000e+00 0.000000000000000000e+00 0.000000000000000000e+00 0.000000000000000000e+00 0.000000000000000000e+00 0.000000000000000000e+00 0.000000000000000000e+00 1.635685597106705663e-03 0.000000000000000000e+00 0.000000000000000000e+00 0.000000000000000000e+00
